 0 0.522598 0.493258 0.287120
 1 0.519314 0.501427 0.484399
 2 0.520767 0.502735 0.464594
 3 0.543563 0.507095 0.488665
 4 0.596167 0.514684 0.481658
 5 0.575710 0.516204 0.471629
 6 0.584834 0.523729 0.492100
 7 0.589338 0.531052 0.477458
 8 0.593036 0.538896 0.493966
 9 0.622782 0.548633 0.505916
 10 0.618367 0.559649 0.499499
 11 0.676752 0.569776 0.508067
 12 0.653512 0.574664 0.518159
 13 0.656257 0.590709 0.520601
 14 0.661586 0.595765 0.510161
 15 0.653886 0.600031 0.500025
 16 0.686530 0.607997 0.525543
 17 0.670522 0.596812 0.509247
 18 0.707204 0.619743 0.526189
 19 0.687542 0.602113 0.508081
 20 0.735194 0.650113 0.499570
 21 0.718459 0.643075 0.519965
 22 0.753452 0.624451 0.506489
 23 0.816577 0.682041 0.518583
 24 0.733799 0.626773 0.509318
 25 0.814540 0.654635 0.506635
 26 0.779321 0.659414 0.509059
 27 0.803694 0.632978 0.506376
 28 0.756782 0.632953 0.499987
 29 0.850224 0.657208 0.499619
 30 0.806502 0.655490 0.516595
 31 0.884351 0.684544 0.508413
 32 0.871032 0.666914 0.486583
 33 0.859145 0.663001 0.508916
 34 0.852989 0.651307 0.500867
 35 0.904220 0.679479 0.508878
 36 0.820652 0.644818 0.507560
 37 0.850070 0.652614 0.507790
 38 0.869196 0.648151 0.510260
 39 0.874947 0.665941 0.494286
 40 0.771196 0.614463 0.511837
 41 0.816898 0.656605 0.499759
 42 0.861201 0.688286 0.499693
 43 0.857975 0.685059 0.514513
 44 0.851190 0.670493 0.499463
 45 0.861941 0.649968 0.499901
 46 0.862841 0.687446 0.499705
 47 0.857649 0.649016 0.499436
 48 0.866948 0.636434 0.494769
 49 0.882919 0.662578 0.512660
 50 0.813448 0.640461 0.514051
 51 0.903195 0.669788 0.514144
 52 0.846804 0.648499 0.499597
 53 0.906785 0.657649 0.493887
 54 0.900180 0.676626 0.501558
 55 0.897049 0.692415 0.503770
 56 0.900519 0.691299 0.517301
 57 0.798767 0.639317 0.502602
 58 0.893596 0.688649 0.499680
 59 0.902219 0.711921 0.499582
 60 0.894562 0.674811 0.506589
 61 0.890623 0.621765 0.499684
 62 0.908722 0.668229 0.501415
 63 0.905375 0.669996 0.499648
 64 0.928785 0.730010 0.518257
 65 0.922016 0.708701 0.504920
 66 0.937331 0.710869 0.502408
 67 0.892360 0.695579 0.499535
 68 0.966547 0.725732 0.503772
 69 0.966865 0.713265 0.499564
 70 0.962507 0.717388 0.504500
 71 0.958876 0.720906 0.504465
 72 0.968284 0.730408 0.499555
 73 0.973275 0.751646 0.502935
 74 0.963785 0.719928 0.499549
 75 0.994542 0.749583 0.518262
 76 0.994047 0.733782 0.499899
 77 0.994686 0.756109 0.499552
 78 0.989453 0.771423 0.501076
 79 0.993664 0.764317 0.499735
 80 0.992473 0.745926 0.499549
 81 0.994866 0.769544 0.499563
 82 0.994328 0.743111 0.499568
 83 0.994785 0.773869 0.499518
 84 0.994492 0.808104 0.499755
 85 0.994783 0.724675 0.503940
 86 0.988115 0.712738 0.499632
 87 0.992592 0.734262 0.499562
 88 0.995030 0.773439 0.499536
 89 0.994776 0.737011 0.499570
 90 0.995520 0.799147 0.501106
 91 0.995209 0.777244 0.499602
 92 0.994411 0.705926 0.500799
 93 0.994891 0.799145 0.499536
 94 0.995364 0.785385 0.499598
 95 0.996339 0.844141 0.499508
 96 0.996395 0.834910 0.499544
 97 0.995057 0.741546 0.499674
 98 0.995328 0.773335 0.499567
 99 0.996404 0.826210 0.499961
 100 0.996316 0.809960 0.499720
 101 0.996356 0.646477 0.499538
 102 0.996389 0.753613 0.499533
 103 0.996343 0.723982 0.499536
 104 0.996356 0.617371 0.410542
 105 0.996371 0.723872 0.499576
 106 0.996355 0.698225 0.499538
 107 0.996444 0.708924 0.499537
 108 0.996421 0.765909 0.499543
 109 0.996181 0.766380 0.488781
 110 0.997015 0.781085 0.499510
 111 0.996353 0.692402 0.499538
 112 0.996660 0.764988 0.499528
 113 0.996474 0.794803 0.499502
 114 0.996408 0.739712 0.466547
 115 0.996414 0.642188 0.499690
 116 0.996456 0.714827 0.499539
 117 0.996440 0.772050 0.499546
 118 0.996419 0.709329 0.499548
 119 0.996468 0.716631 0.499539
 120 0.996407 0.771606 0.499532
 121 0.996453 0.701711 0.499447
 122 0.996397 0.671691 0.499536
 123 0.996482 0.798120 0.499550
 124 0.996530 0.736130 0.499528
 125 0.995324 0.729294 0.499468
 126 0.997083 0.776692 0.499454
 127 0.997092 0.797923 0.499506
 128 0.997030 0.730964 0.499517
 129 0.997031 0.743090 0.499556
 130 0.997050 0.699696 0.499551
 131 0.997031 0.551476 0.297656
 132 0.997108 0.673951 0.499544
 133 0.997089 0.753365 0.499555
 134 0.997024 0.784205 0.499536
 135 0.997560 0.829467 0.499543
 136 0.997302 0.662321 0.499539
 137 0.997500 0.740904 0.499592
 138 0.997493 0.660932 0.499484
 139 0.997287 0.662947 0.499534
 140 0.997565 0.732071 0.499518
 141 0.997556 0.726080 0.499508
 142 0.998003 0.850112 0.499554
 143 0.997572 0.795512 0.499517
 144 0.998144 0.825348 0.499535
 145 0.998033 0.754604 0.499533
 146 0.997617 0.689548 0.499546
 147 0.997599 0.782665 0.499548
 148 0.998029 0.704574 0.499555
 149 0.998202 0.789178 0.499535
 150 0.998038 0.757649 0.499508
 151 0.998353 0.781273 0.499539
 152 0.998344 0.695234 0.499533
 153 0.997612 0.774084 0.499527
 154 0.997656 0.661750 0.499513
 155 0.998180 0.743183 0.499554
 156 0.997367 0.672326 0.499527
 157 0.997422 0.622112 0.447412
 158 0.997647 0.652484 0.499533
 159 0.997653 0.676460 0.499531
 160 0.997990 0.749768 0.499526
 161 0.998397 0.826164 0.499532
 162 0.997416 0.791281 0.499520
 163 0.997643 0.762032 0.488632
 164 0.998273 0.801544 0.499521
 165 0.998271 0.761514 0.499509
 166 0.998293 0.760163 0.499510
 167 0.998285 0.807214 0.499481
 168 0.998294 0.772302 0.499501
 169 0.998323 0.704617 0.499500
 170 0.998316 0.817226 0.499498
 171 0.998294 0.794475 0.499484
 172 0.998417 0.790205 0.499489
 173 0.998334 0.692897 0.499501
 174 0.998301 0.732964 0.499482
 175 0.997338 0.685240 0.499474
 176 0.998279 0.757436 0.499514
 177 0.998312 0.843357 0.499489
 178 0.998644 0.880157 0.499487
 179 0.998638 0.760225 0.499463
 180 0.998195 0.738900 0.499481
 181 0.998671 0.828667 0.499210
 182 0.998674 0.816232 0.499495
 183 0.998612 0.791108 0.499498
 184 0.998678 0.815144 0.499492
 185 0.998523 0.779956 0.499479
 186 0.998713 0.712811 0.499370
 187 0.998716 0.857347 0.499511
 188 0.998698 0.714709 0.499429
 189 0.998645 0.781995 0.499484
 190 0.998714 0.696606 0.499483
 191 0.998713 0.792453 0.499474
 192 0.998718 0.722763 0.499506
 193 0.998716 0.729510 0.499499
 194 0.998716 0.820307 0.499496
 195 0.998720 0.711818 0.499361
 196 0.998710 0.656920 0.469334
 197 0.998718 0.687655 0.499501
 198 0.998603 0.790548 0.499494
 199 0.998718 0.783108 0.498932
 200 0.998746 0.796339 0.499499
 201 0.998745 0.769237 0.499358
 202 0.998565 0.766573 0.499338
 203 0.998755 0.828965 0.499551
 204 0.998686 0.689376 0.481696
 205 0.998134 0.705581 0.499308
 206 0.998692 0.689568 0.499254
 207 0.998696 0.661122 0.498337
 208 0.998699 0.703360 0.499494
 209 0.998689 0.766898 0.499487
 210 0.998707 0.802842 0.499495
 211 0.998709 0.708857 0.499498
 212 0.998650 0.692531 0.499492
 213 0.998710 0.739213 0.499458
 214 0.998731 0.769329 0.499322
 215 0.998705 0.685128 0.499468
 216 0.998710 0.713402 0.499484
 217 0.998708 0.598279 0.499431
 218 0.998739 0.702765 0.499061
 219 0.998737 0.611233 0.499474
 220 0.998716 0.694979 0.499448
 221 0.998739 0.798294 0.499232
 222 0.998741 0.715951 0.499444
 223 0.998737 0.771120 0.499498
 224 0.998769 0.744487 0.499447
 225 0.998775 0.758981 0.499258
 226 0.998725 0.722758 0.499463
 227 0.998651 0.644864 0.499481
 228 0.998685 0.713639 0.499487
 229 0.998811 0.734675 0.498491
 230 0.998721 0.754835 0.499480
 231 0.998718 0.843459 0.499462
 232 0.998716 0.832091 0.499242
 233 0.998723 0.805484 0.499487
 234 0.998722 0.757859 0.499487
 235 0.998670 0.675909 0.499473
 236 0.998771 0.798466 0.499487
 237 0.998745 0.767187 0.499487
 238 0.998768 0.720628 0.499487
 239 0.998769 0.695738 0.499463
 240 0.998768 0.696290 0.499375
 241 0.998780 0.827306 0.499502
 242 0.998784 0.753009 0.499465
 243 0.998784 0.773083 0.499498
 244 0.998760 0.788200 0.499458
 245 0.998754 0.769563 0.499483
 246 0.998737 0.732278 0.499486
 247 0.998738 0.788971 0.499487
 248 0.998717 0.720810 0.499420
 249 0.998736 0.753813 0.499501
 250 0.998737 0.716271 0.499384
 251 0.998738 0.702916 0.499489
 252 0.998517 0.634553 0.499479
 253 0.998575 0.746359 0.499472
 254 0.998402 0.771108 0.499494
 255 0.998755 0.741199 0.499490
 256 0.998753 0.720142 0.499470
 257 0.998758 0.813744 0.499479
 258 0.998773 0.730908 0.499480
 259 0.905358 0.656094 0.491406
 260 0.998798 0.804941 0.499490
 261 0.998794 0.774586 0.499494
 262 0.943974 0.649494 0.499495
 263 0.998263 0.668073 0.499497
 264 0.998760 0.647895 0.499494
 265 0.997803 0.674410 0.499458
 266 0.998768 0.711387 0.499493
 267 0.998767 0.755804 0.499492
 268 0.998740 0.699033 0.499494
 269 0.998738 0.768396 0.499498
 270 0.998769 0.793875 0.499484
 271 0.998771 0.696115 0.499483
 272 0.998766 0.559823 0.499468
 273 0.998403 0.658804 0.499495
 274 0.998744 0.797578 0.499494
 275 0.998737 0.718098 0.499487
 276 0.998765 0.808640 0.499496
 277 0.998709 0.669670 0.499465
 278 0.998749 0.741243 0.499502
 279 0.998749 0.768100 0.499508
 280 0.869656 0.587772 0.498617
 281 0.998713 0.704058 0.499502
 282 0.998729 0.710669 0.497065
 283 0.998749 0.766313 0.499504
 284 0.998740 0.755421 0.499441
 285 0.998774 0.771558 0.499491
 286 0.998764 0.766349 0.499503
 287 0.998740 0.748852 0.499503
 288 0.998746 0.777023 0.499501
 289 0.998769 0.704660 0.499497
 290 0.998347 0.738387 0.499500
 291 0.998762 0.780743 0.499504
 292 0.998753 0.682924 0.499497
 293 0.998718 0.677612 0.499479
 294 0.998792 0.733398 0.499498
 295 0.998788 0.669293 0.499509
 296 0.998789 0.757735 0.499500
 297 0.998791 0.727473 0.499497
 298 0.998792 0.773297 0.498329
 299 0.998764 0.779460 0.499500
